species individ wetmass speed swimbeat tailamp ldh pk ak area perim majaxis breadth
Ccon 216 38.36   .      .     .   -3.00 -3.05  1.55  5.78 14.73  6.82  1.34
Ccon 405  8.85   .      .     .   -6.12 -6.00  1.87  2.67 11.03  5.22  0.77
Ccon 406  7.13  9.440 10.81 77.46 -3.57 -4.96  4.19  2.02  9.84  4.65  0.78
Ccon 407  7.12  9.628 12.86 56.19 -4.35 -5.74  4.01  2.17 10.50  4.89  0.76
Ccon 408  8.55  9.498 10.50 42.27 -4.78 -5.17  4.38  2.27 10.65  5.01  0.79
Ccon 409  8.17   .      .     .   -4.19 -16.9  3.41  2.38 10.85  5.10  0.85
Ccon 410 11.23   .      .     .   -3.02 -4.59  3.94  3.04 11.52  5.35  0.93
Ccon 411  9.86 10.520 11.25 47.35 -4.48 -3.74  0.31  3.10 11.65  5.35  1.05
Easp 127 20.81 30.339 27.50 45.59 -2.66 -6.11 12.88  5.14 10.89  5.01  1.45
Easp 128 10.66 17.781 27.50 50.91 -3.73 -6.84 12.78  3.48  9.97  4.66  1.10
Easp 129 14.11 13.214 15.00 33.54 -2.82 -5.01 10.15  5.02 11.52  5.26  1.36
Easp 130 16.77 26.116 30.00 41.41 -3.78 -5.27  8.83  5.06 11.82  5.46  1.39
Easp 131 17.60 25.806 30.00 33.78 -1.84 -5.53  8.37  5.15 11.51  5.29  1.44
Easp 132  9.64 18.518 25.00 42.34 -2.98 -5.62 11.94  3.39 10.08  4.71  1.10
Easp 133  5.31 10.461 22.50 45.69   .     .     .    1.94  8.81  4.14  0.70
Easp 134  8.39 11.060 12.75 39.75 -2.90 -6.46  7.35  3.23 10.57  4.98  1.08
Easp 135 15.96 18.359 25.00 45.79 -1.75 -4.62  8.48  4.72 11.36  5.29  1.35
Easp 136  9.72 17.391 30.00 39.40 -3.87 -7.73 11.94  2.19  7.72  3.57  0.87
Easp 137 11.34 12.003 17.65 38.29 -4.00 -7.60 12.31  3.64 10.36  4.80  1.12
Easp 138 11.41  8.883 14.17 33.69 -3.20 -6.49 12.50  2.96  8.83  4.12  1.01
Easp 139  9.79 12.313 15.00 53.97 -2.94 -4.97 10.70  3.50 10.60  4.93  1.08
Easp 140 10.18 17.420 22.50 48.97 -2.82 -6.08 11.04  3.54  9.75  4.54  1.12
Easp 141 16.68 23.528 29.06 46.33 -2.30 -5.30 10.07  5.31 11.69  5.39  1.45
Easp 142 11.16 20.432 27.50 48.04 -3.27 -7.23 11.11  3.10  9.64  4.47  1.05
Easp 143  9.89 10.145 22.50 36.87 -2.79 -8.38 12.37  2.98 10.07  4.67  1.01
Easp 144 11.54 25.868 28.13 54.64 -2.87 -6.51 15.95  3.55 10.46  4.85  1.08
Easp 260 24.13 34.998 32.14 35.60 -1.98 -4.96  6.69  6.06 10.90  4.85  1.65
Easp 261 14.03 22.609 28.33 40.60 -2.21 -4.62  9.90  4.02 10.54  4.91  1.22
Easp 262 21.46 29.017 29.06 45.00 -1.85 -4.60  6.70  6.35 11.30  5.06  1.72
Easp 263 26.08 33.508 28.85 40.21 -2.33 -4.24  5.87  7.14 12.39  5.62  1.74
Easp 264 13.38 20.686 25.00 40.56 -2.64 -5.87  7.63  3.68  9.82  4.51  1.20
Easp 265 20.33 25.426 28.33 50.91 -2.46 -5.07  5.24  5.41 10.17  4.48  1.73
Easp 266  9.60 18.657 27.50 55.49 -2.30 -3.38  7.12  3.66  9.85  4.53  1.13
Easp 267 12.62 23.219 22.50 54.16 -2.36 -5.17  9.72  3.76 10.32  4.79  1.14
Easp 268 14.38 19.089 23.75 36.33 -2.61 -6.61  9.32  3.82 10.38  4.76  1.20
Easp 269 14.61 18.739 23.75 43.67 -2.72 -5.60  7.54  3.73 10.06  4.63  1.23
Easp 270  6.31 16.000 22.50 48.86 -2.45 -5.26  6.66  1.85  7.86  3.71  0.71
Easp 271  6.66 15.977 26.79 57.05 -2.88 -6.53  9.29  2.06  8.65  4.03  0.78
Easp 272 10.94 20.536 23.75 41.47 -3.03 -5.46  5.27  3.77  9.98  4.61  1.17
Easp 273 14.16 19.123 27.50 35.45 -3.82 -6.17 10.19  4.19 10.30  4.76  1.26
Easp 274 11.93 22.284 26.25 49.02 -2.13 -4.54  9.45  3.79 10.13  4.67  1.18
Easp 275 13.24 23.970 26.25 63.44 -1.84 -4.68  6.08  4.41 10.76  4.95  1.26
Easp 276  4.17 11.931 22.50 52.12 -4.24 -7.25  6.84  1.51  8.35  3.90  0.68
Easp 277 15.32 14.862 24.00 33.47 -4.04 -6.78  4.20  3.22  8.47  3.80  1.17
Easp 278 12.30 21.032 26.00 36.91 -2.10 -4.19  6.06  4.09  9.94  4.59  1.22
Easp 279 14.35 23.615 27.50 42.51 -3.54 -6.09  6.26  3.54  9.86  4.51  1.15
Easp 280  9.31 13.986 22.50 46.82 -2.37 -5.94 14.75  2.33  8.86  4.13  0.84
Ebor   1 26.87 25.934 18.75 51.27 -3.50 -5.47  6.08  6.33 13.01  5.99  1.41
Ebor   2 28.33 36.056 28.13 36.41 -3.67 -4.72  7.03  7.43 14.35  6.71  1.50
Ebor   3 15.49 22.923 23.44 51.64 -2.43 -5.78  9.57  3.95 11.51  5.45  1.07
Ebor   4 26.03 46.720 21.75 39.69 -3.10 -4.93 -0.06  6.20 12.73  5.93  1.45
Ebor   5 27.48 36.070 29.06 74.34 -4.99 -5.63  7.60  6.47 13.34  6.18  1.44
Ebor   6 17.79 15.754 14.64 45.00 -4.78 -6.77 13.33  4.67 12.51  5.87  1.15
Ebor   7 17.29 26.254 25.50 64.48 -2.75 -5.95 12.10  4.23 11.93  5.64  1.05
Ebor   8 15.62 17.714 17.14 52.70 -2.69 -7.36  6.47  3.74 11.26  5.29  1.00
Ebor   9 25.57 34.425 26.25 45.37 -2.07 -4.67  6.81  6.75 13.97  6.54  1.45
Ebor  10 22.76 28.254 27.50 39.36 -3.93 -5.88  8.74  6.27 12.63  5.80  1.42
Ebor  11 16.99 21.936 22.50 36.09 -2.80 -5.46 12.33  4.24 11.91  5.58  1.08
Ebor  12 17.74 22.861 21.25 44.49 -4.74 -3.80  9.85  3.41 10.69  5.07  0.91
Ebor  13 24.09 31.867 25.31 57.35 -4.59 -5.23  9.83  5.31 11.92  5.50  1.32
Ebor  14 21.07 27.445 26.25 42.89 -2.89 -3.67  8.81  5.39 12.50  5.79  1.30
Ebor  28 16.43 23.633 22.50 56.31 -2.69 -3.77   .    3.71 11.77  5.53  0.96
Ebor  29 25.75 27.840 22.50 43.33 -2.36 -4.46   .    6.47 14.37  6.71  1.32
Ebor  30 22.88 25.444 24.38 45.00 -3.29 -4.30   .    5.08 12.70  5.95  1.17
Ebor  31 27.90 30.034 25.50 49.40 -3.92 -5.07   .    5.75 13.92  6.51  1.14
Ebor  32 25.90 27.835 21.67 38.76 -2.69 -3.50   .    6.05 13.16  6.11  1.29
Ebor  33 26.11 22.796 18.75 54.72 -3.94 -5.25   .    6.06 14.28  6.69  1.18
Ebor  34 27.60 33.729 22.50 46.97 -5.61 -5.93   .    5.54 13.68  6.40  1.16
Ebor  35 31.87 32.454 26.25 62.19 -3.75 -5.97   .    7.14 14.12  6.55  1.43
Ebor  36 23.44 29.375 24.00 39.27 -4.81 -7.40   .    5.70 13.43  6.27  1.24
Ebor  37 23.65 30.056 24.38 51.01 -6.26 -6.92   .    5.01 12.94  6.05  1.12
Ebor  49 24.91 27.048 22.50 53.32 -2.97 -5.99   .    6.65 13.91  6.46  1.47
Ebor  50 25.45 22.016 20.00 43.38 -2.13 -6.43   .    5.84 13.00  6.06  1.34
Ebor  51 29.22 31.377 23.75 57.81 -4.84 -7.87   .    7.02 13.57  6.26  1.52
Ebor  52 19.15 23.749 22.50 78.57 -5.71 -7.39   .    4.02 11.17  5.24  1.07
Ebor  53 15.76 21.511 20.63 42.14 -3.93 -5.33   .    4.26 11.95  5.56  1.02
Ebor  54 20.62 23.231 22.50 42.54 -3.06 -5.95   .    5.47 12.53  5.80  1.22
Ebor  55 24.75 26.203 18.75 56.79 -2.14 -4.73   .    5.96 12.61  5.81  1.37
Ebor  56 14.86 27.714 25.50 42.63 -3.57 -6.69   .    3.97 11.70  5.52  0.96
Ebor  97 26.34 25.721 23.44 31.56 -3.22 -6.01  8.02  5.82 13.07  6.11  1.26
Ebor  98 44.80 29.965 18.75 69.64 -4.11 -5.10  5.97  9.03 15.03  6.93  1.67
Ebor  99 41.44 27.636 18.75 34.23 -2.22 -5.78  5.29  9.47 15.38  7.07  1.70
Ebor 100 33.45 27.782 20.00 36.43 -2.09 -4.24  8.72  9.99 15.08  6.86  1.94
Ebor 101 35.25 24.469 19.50 53.73 -2.14 -5.02  6.79  9.33 15.33  7.06  1.68
Ebor 102 49.64 35.387 22.50 39.39 -2.71 -7.90  6.61  9.38 14.88  6.79  1.81
Ebor 103 44.74 32.653 20.00 55.76 -2.47 -6.14  3.80  8.53 13.93  6.32  1.71
Ebor 104 37.26 31.933 22.50 47.59 -1.93 -5.29  6.16  9.57 15.35  7.03  1.77
Ebor 105 51.66 33.854 21.00 43.35 -3.21 -6.95  6.93 10.54 15.41  7.00  1.92
Ebor 106 53.46 31.117 20.63 31.35 -2.72 -6.55  4.38 10.64 16.32  7.51  1.93
Ebor 107 38.73 30.205 18.75 37.03 -2.28 -6.80  5.34  8.07 14.01  6.40  1.63
Ebor 108 37.87 31.849 20.63 25.25 -2.34 -5.79  5.50  7.80 14.08  6.47  1.56
Ebor 386 16.73 26.222 30.00 36.86 -3.88 -4.23  7.77  6.16 13.95  6.56  1.38
Ebor 387  9.53 22.229 30.00 53.97 -4.06 -5.34  9.64  4.33 12.40  5.80  1.07
Ebor 388  4.58 13.801 18.75 39.13 -2.25 -4.83  8.16  2.20 10.32  4.94  0.69
Ebor 389  9.89 30.668 30.00 44.76 -3.46 -4.36  7.64  4.15 12.03  5.64  1.05
Ebor 390 12.60 32.552 31.88 39.91 -3.63 -5.15 15.12  5.28 13.27  6.24  1.18
Ebor 391  9.43 25.580 31.88 43.15 -2.93 -4.57  2.32  3.77 12.23  5.75  0.98
Ebor 392  3.40 10.296 16.25 50.91 -3.68 -4.55  8.78  2.01  8.80  4.15  0.70
Ebor 393  9.78 24.507 27.50 37.59 -3.73 -5.88 11.39  2.81 10.34  4.86  0.83
Ebor 394 11.64 28.216 33.75 49.34 -3.29 -5.06 10.10  3.49 10.94  5.15  0.94
Ebor 395  9.28 22.272 33.75 50.73 -4.41 -5.24 10.93  2.47  9.63  4.54  0.76
Ebor 396  8.90 26.335 28.75 38.81 -3.10 -5.59 13.90  2.80  9.96  4.68  0.84
Ebor 397  9.92 24.074 30.00 47.60 -3.12 -4.68  9.73  2.88 10.39  4.92  0.84
Ebor 398 14.58 29.879 33.00 41.99 -3.64 -4.65  9.70  4.16 11.37  5.30  1.05
Ebor 399 13.88 27.528 27.50 42.60 -2.23 -4.25 12.07  3.82 11.21  5.25  1.00
Ebor 400 16.54 29.853 28.13 46.88 -3.48 -5.61  8.77  4.43 11.54  5.37  1.13
Ebor 401 10.96 22.384 26.25 28.53 -3.63 -6.32  9.00  2.83 10.46  4.90  0.85
Ebor 402  8.85 19.699 33.75 58.68 -3.50 -5.50 11.84  1.81  8.37  3.97  0.61
Ebor 403 13.50 26.455 25.00 68.50 -3.71 -4.37  7.37  3.74 11.19  5.21  0.95
Ebor 404  8.14 21.053 28.13 63.76 -3.67 -5.30  7.82  2.50  9.66  4.54  0.88
Ecya 109 27.50 26.385 26.25 34.51 -3.15 -4.82 -0.02  6.31 12.63  5.80  1.50
Ecya 110 40.95 27.851 20.63 43.95 -3.42 -7.38  8.87  9.66 14.54  6.54  1.92
Ecya 111 43.61 23.945 22.03 38.59 -4.52 -5.53  7.53 11.20 15.50  7.05  2.15
Ecya 112 25.08 20.689 23.13 33.75 -2.50 -4.04  8.29  7.76 13.21  5.94  1.76
Ecya 113 44.71 34.812 22.50 41.30 -4.33 -6.14  4.87 11.13 14.50  6.39  2.24
Ecya 114 48.16 33.145 26.25 34.30 -2.56 -6.96  6.30 12.45 15.99  7.22  2.28
Ecya 115 37.83 24.878 20.63 56.76 -2.58 -5.65  4.06 11.48 15.37  6.89  2.14
Ecya 116 49.84 26.125 22.50 53.92 -2.44 -7.43  4.36  9.67 13.56  5.98  2.10
Ecya 117 11.97 23.947 27.50 34.58 -3.23 -9.39 11.77  3.76 10.16  4.70  1.16
Ecya 118 39.38 30.915 25.00 38.93 -3.51 -3.88  6.72 12.13 15.84  7.10  2.17
Ecya 119 26.33 12.943 15.00 43.84 -1.96 -5.60  8.12  6.23 12.49  5.70  1.52
Ecya 120 19.99 21.785 20.00 25.92 -3.13 -5.25  9.07  5.53 11.68  5.39  1.39
Ecya 121 24.82 22.906 24.00 44.12 -1.63 -4.16  8.73  6.82 12.48  5.66  1.57
Ecya 122 11.20 16.167 25.00 32.32 -2.37 -4.54  8.29  3.83 11.07  5.12  1.08
Ecya 123 23.88 17.406 23.13 38.43 -2.47 -5.40  9.12  5.84 11.93  5.47  1.49
Ecya 124 12.89 10.902 20.89 28.30 -2.49 -5.49 12.81  4.50 11.06  5.11  1.21
Ecya 125 11.79 18.175 27.00 34.26 -3.09 -6.19 10.10  4.44 11.16  5.16  1.20
Ecya 126  8.42 15.544 26.25 61.17 -2.49 -6.04  9.92  2.06  8.22  3.85  0.77
Ecya 432 17.33 24.554 26.25 44.49 -2.64 -3.32  6.07  6.04 13.27  6.18  1.36
Ecya 433 10.44 24.107 22.50 63.43 -3.81 -5.72  8.16  3.00 10.24  4.78  0.85
Ecya 434 10.05 23.127 26.25 39.29 -3.96 -4.51 11.91  3.45 10.74  5.04  1.03
Ecya 435 22.25 20.797 27.19 28.26 -1.57 -5.88  9.22  6.69 13.34  6.17  1.44
Ecya 436  8.21 18.399 26.25 33.69 -3.37 -3.77  7.75  3.63 10.63  4.95  1.01
Ecya 437  9.49 22.017 26.25 54.98 -2.21 -5.12  8.84  3.79 11.06  5.17  0.99
Ecya 438 13.82 21.851 22.50 47.66 -3.60 -4.40  6.33  3.93 10.45  4.85  1.12
Ecya 439 17.83 23.585 26.25 50.64 -4.88 -5.04 10.02  6.24 12.09  5.53  1.49
Ecya 440 11.33 15.069 24.38 33.93 -3.51 -4.00  6.94  4.02 11.34  5.30  1.04
Ecya 441 10.08 22.954 26.25 68.21 -2.63 -6.03  6.58  3.48 10.65  4.99  0.93
Ecya 442  6.12 15.893 30.00 45.00 -2.77 -4.58  7.84  2.20  8.99  4.22  0.76
Ecya 443  8.85 20.631 27.50 32.00 -4.62 -6.12  4.35  3.13 10.49  4.90  0.91
Ecya 444 20.12 29.097 29.06 47.44 -2.75 -4.58  5.77  6.20 12.60  5.82  1.44
Ecya 445 11.75 19.880 27.19 66.50 -1.69 -4.80  9.03  4.53 11.19  5.18  1.15
Ecya 446 16.40 26.769 30.00 33.83 -2.97 -5.19  6.17  5.84 12.32  5.67  1.40
Ecya 447 13.71 20.755 22.50 39.29 -3.55 -5.24  3.48  4.48 11.17  5.21  1.18
Ecya 448 18.96 32.791 28.13 38.16 -4.90 -5.60 12.36  6.73 13.00  5.97  1.46
Ecya 449  9.14 22.727 24.38 57.32 -3.75 -4.23  9.58  3.32  9.88  4.62  1.04
Ecya 450 18.52 28.878 22.50 43.46 -4.06 -4.14  8.07  6.26 12.52  5.78  1.44
Ecya 451 16.13 27.097 28.39 36.91 -3.38 -4.66  6.17  5.30 11.82  5.47  1.30
Edae 217 13.51  5.308  4.17 56.48 -3.27 -4.15  2.55  5.03 11.87  5.48  1.34
Edae 218 22.73  6.682  3.75 54.37 -3.00 -4.54  3.89  8.86 14.74  6.72  1.90
Edae 219 17.06 13.607 11.25 60.71 -2.94 -4.23  4.22  8.22 14.04  6.41  1.79
Edae 220 18.66 10.904  9.38 57.10 -3.16 -4.82  4.62  8.16 13.74  6.26  1.86
Edae 221 20.66 12.935 13.13 49.40 -2.50 -4.90  3.10  7.00 12.50  5.66  1.75
Edae 222 10.12  5.399  6.14 57.91 -2.95 -5.24  5.34  2.49  8.69  4.09  0.87
Edae 223  5.35   .      .     .   -3.03 -4.96  0.45  2.17  8.79  4.09  0.74
Edae 252 10.42 12.405 11.25 76.14 -4.14 -5.52  4.90  3.58 10.23  4.73  1.07
Edae 545  5.61  7.091  8.75 43.58 -3.15 -4.73  2.21  2.19  9.19  4.32  0.72
Edae 546  3.26  6.843  9.75 73.93 -2.26 -7.69  9.56  1.25  7.54  3.58  0.51
Edae 547  3.21   .      .     .   -5.05 -6.89  3.99  1.08  7.03  3.36  0.50
Edae 548  3.90   .      .     .   -4.16 -2.65  6.46  1.60  8.31  3.94  0.58
Edae 549  4.38   .      .     .   -3.36 -6.90  6.76  1.54  7.66  3.61  0.60
Edae 550  3.75   .      .     .   -3.34 -4.91  4.72  1.25  6.77  3.17  0.56
Edae 551  3.66   .      .     .   -3.62 -6.04  4.77  1.43  8.09  3.81  0.58
Edae 552  3.11  7.241  6.56 74.55 -2.61 -7.11  6.18  1.13  7.25  3.43  0.49
Ediv 201 15.44  6.558  7.50 51.73 -1.81 -3.82  0.20  2.72 10.24  4.77  0.91
Ediv 202 18.61   .      .     .   -1.98 -4.95  3.98  2.97 10.82  5.12  0.87
Ediv 203 15.33   .      .     .   -2.02 -4.42  4.27  2.20  8.96  4.27  0.76
Ediv 204 14.12  7.272  6.25 61.61 -2.09 -4.38  6.54  2.76 10.25  4.83  0.87
Ediv 205 20.41 11.101 10.00 53.13 -1.90 -4.96  5.36  3.75  9.85  4.55  1.14
Ediv 206 24.00  7.117  7.50 55.30 -1.69 -4.68  4.67  4.05 11.69  5.48  1.15
Ediv 207 16.23  8.672 11.25 40.24 -2.09 -4.90  6.35  3.10 10.98  5.12  0.94
Ediv 208 15.49   .      .     .   -0.95 -4.38  4.68  3.18 11.14  5.20  0.96
Ediv 209 13.88  4.305  4.77 62.73 -1.59 -4.46  4.62  2.68  9.62  4.50  0.91
Ediv 210 16.43  8.844 10.00 50.71 -2.42 -5.92  7.27  3.28 10.45  4.87  1.04
Ediv 211 16.64  8.554  9.00 53.31 -1.77 -3.99  5.95  2.46  9.56  4.55  0.78
Ediv 212 15.80   .      .     .   -1.68 -3.82  7.50  3.18 10.03  4.71  0.99
Ediv 213 18.72   .      .     .   -1.87 -4.53  6.79  2.92 10.52  4.90  0.92
Ediv 214 17.80 11.959  9.38 64.66 -1.97 -4.76  5.56  3.37 10.86  5.11  1.05
Ediv 215 17.92  9.341 10.00 53.38 -2.36 -4.93  6.45  3.26 11.07  5.16  0.98
Ediv 416  4.96  6.481  6.25 45.00 -1.34 -2.34  3.21  1.34  7.70  3.64  0.57
Ediv 417  3.45   .      .     .   -2.72 -4.17  5.72  1.05  7.18  3.43  0.48
Ediv 418  3.88   .      .     .   -2.28 -3.56  2.73  1.08  7.47  3.59  0.45
Ediv 419  4.46  4.629  4.13 62.10 -1.86 -2.97  3.16  1.39  7.97  3.74  0.67
Ediv 420  5.45   .      .     .   -1.72 -2.64  2.71  1.61  8.38  3.98  0.60
Ediv 421  3.33  6.047  6.75 63.44 -2.16 -3.98  6.87  0.93  6.80  3.23  0.46
Ediv 422  2.87  6.899  9.38 53.13 -1.93 -4.24  3.47  0.85  7.05  3.18  0.50
Ediv 423  5.66  5.793  5.42 60.26 -2.15 -2.93  0.47  1.81  8.78  4.15  0.67
Ediv 424  2.98  6.812  9.38 74.05 -1.67 -2.60 -0.11  1.00  7.43  3.46  0.51
Ediv 425  5.47   .      .     .   -1.72 -2.73  2.61  1.57  8.20  3.84  0.66
Ediv 452  5.02  3.387  3.60 42.28 -1.61 -4.11  3.39  1.25  7.52  3.61  0.50
Ediv 453  4.59   .      .     .   -1.77 -3.53  3.18  0.99  7.02  3.32  0.42
Ediv 454  4.79  6.365  9.00 50.91 -2.31 -5.54  3.28  0.92  6.71  3.16  0.46
Ediv 455  5.83   .      .     .   -2.78 -3.41  0.00  1.55  8.60  4.07  0.63
Ediv 456  5.48   .      .     .   -1.21 -3.09  0.00  1.47  8.49  4.00  0.63
Ediv 457  6.05  8.514  8.52 57.09 -2.56 -5.24  4.17  1.50  8.66  4.09  0.65
Ediv 458  2.79  4.223  6.43 54.46 -1.85 -3.96  2.69  1.11  7.25  3.42  0.53
Ediv 459  3.90   .      .     .   -3.21 -3.78  0.00  1.22  7.90  3.73  0.54
Ediv 460  2.78  2.558  3.50 56.89 -2.92 -6.63  7.32  0.74  6.12  2.91  0.37
Ediv 461  3.05   .      .     .   -4.11 -6.28  4.57  0.92  7.04  3.31  0.42
Ediv 525  8.01  8.627 11.25 31.87 -1.79 -4.28  3.06  2.14  8.93  4.21  0.80
Ediv 526  5.63   .      .     .   -2.49 -4.84  0.71  1.37  8.02  3.81  0.54
Ediv 527  8.45  9.163 12.00 43.06 -2.35 -4.45  3.53  2.42  9.84  4.65  0.79
Ediv 528  9.88 10.084  9.38 59.67 -1.79 -4.14  0.30  2.43  9.91  4.66  0.79
Ediv 529  7.64   .      .     .   -2.03 -3.62  2.21  2.02  8.98  4.22  0.72
Ediv 530  9.43  9.874 11.25 51.52 -2.46 -3.99  2.29  2.40  9.41  4.39  0.83
Ediv 531  6.20  9.100 10.00 45.00 -2.97 -5.94  0.00  1.45  8.16  3.85  0.56
Ediv 532  5.04  7.116  9.75 49.40 -3.07 -4.97  0.83  1.33  7.56  3.60  0.54
Ediv 533  5.90  6.554  8.57 57.89 -2.00 -3.87  0.52  1.45  7.93  3.76  0.56
Ediv 534  7.39  8.220 10.00 48.81 -1.50 -4.19  4.67  2.18  9.29  4.38  0.74
Ediv 535  7.42  7.214  8.75 60.79 -1.59 -3.48  2.92  1.86  9.00  4.27  0.64
Ediv 536  6.34  3.959  9.38 43.75 -2.44 -6.04  3.00  1.17  7.66  3.66  0.49
Ediv 537  9.69 10.439 11.25 65.23 -1.94 -4.22  4.52  1.99  9.16  4.32  0.71
Ediv 538  8.03  7.975  9.75 56.95 -2.20 -3.85  5.53  1.83  9.06  4.27  0.68
Ediv 539  5.36   .      .     .   -3.16 -4.26  0.08  1.21  7.48  3.57  0.52
Ediv 540  9.70  7.386  8.91 50.53 -1.94 -4.10  1.91  2.08  9.46  4.48  0.73
Ediv 541  5.11   .      .     .   -4.18 -6.49  0.26  1.17  7.90  3.71  0.57
Ediv 542  8.11  5.100  7.50 60.26 -2.04 -4.23  4.13  1.31  7.41  3.51  0.52
Ediv 543  7.00  7.243  6.75 57.72 -2.84 -5.58  0.03  1.49  8.68  4.15  0.55
Ediv 544  6.28  8.214 12.00 48.02 -2.35 -5.51  3.20  1.21  8.04  3.78  0.66
Eebr 309 29.23 27.269 22.50 42.21 -2.58 -5.99  5.24  7.47 13.30  6.07  1.64
Eebr 310 29.00 16.799 18.75 43.59 -2.29 -7.56  5.36  6.82 12.30  5.63  1.61
Eebr 311 32.87 10.592 16.44 23.50 -2.07 -11.4  6.52  7.50 12.61  5.69  1.81
Eebr 312 31.66 30.335 22.50 37.36 -2.33 -5.70  4.31  8.82 13.26  5.92  1.98
Eebr 313 29.66 24.922 22.50 35.52 -2.24 -7.08  4.98  7.62 13.04  5.94  1.75
Eebr 314 31.44 20.460 20.25 28.44 -2.87 -8.55  5.61  7.14 12.78  5.81  1.57
Eebr 353 20.37 22.440 27.00 42.48 -1.81 -3.91  6.10  4.14 10.56  4.87  1.17
Eebr 359 17.37 18.063 15.00 53.38 -1.80 -6.89  8.72  4.27 10.19  4.72  1.22
Eebr 360 28.84 27.698 26.25 54.59 -2.11 -4.92  4.47  6.66 12.41  5.66  1.56
Eebr 361 30.40 22.811 22.50 30.54 -3.03 -8.42  6.62  6.39 11.42  5.07  1.68
Eebr 362 12.19 11.345 16.88 34.74 -2.48 -6.05  7.82  2.87  8.74  4.06  0.95
Eebr 363 28.20 25.772 27.50 38.11 -3.59 -9.08  4.88  5.64 11.15  5.04  1.49
Eebr 364 33.67  9.188  8.84 48.85 -1.91 -3.99  5.68  8.74 13.28  5.94  1.94
Eebr 487  8.49 10.738 16.88 48.62 -0.78 -5.21  4.34  2.11  8.20  3.83  0.75
Eebr 488  6.91 10.640 18.75 51.94 -3.09 -5.76  6.17  1.58  7.24  3.38  0.67
Eebr 489  4.99  6.040 11.25 37.18 -3.40 -6.50  6.03  1.45  7.40  3.49  0.61
Eebr 490  4.80 11.283 15.00 50.53 -2.15 -4.91  3.13  1.43  7.10  3.31  0.59
Eebr 491  9.85 15.031 23.44 52.56 -3.48 -6.96  2.29  2.31  9.17  4.30  0.72
Eebr 492  5.84 12.681 20.63 48.18 -2.78 -6.44  6.85  1.59  7.69  3.62  0.62
Eebr 493  7.12 13.108 18.21 36.65 -2.48 -5.28  4.56  2.07  8.51  4.00  0.72
Eebr 494  5.42 14.244 19.29 65.77 -2.45 -7.07  4.85  1.62  7.66  3.63  0.63
Eebr 495  6.90 12.529 18.75 48.81 -2.46 -4.49  4.68  2.05  8.57  4.04  0.71
Eebr 496  5.15 11.439 18.75 53.13 -1.86 -6.44  5.02  1.31  7.65  3.62  0.58
Eebr 497  6.62 11.516 21.56 47.13 -1.45 -5.79  3.57  1.87  8.05  3.78  0.70
Eebr 498  5.39 14.218 18.75 49.40 -3.83 -5.61  7.92  1.53  7.38  3.46  0.62
Eebr 499  4.46 11.415 15.75 63.43 -2.15 -4.79  4.86  1.36  7.50  3.55  0.55
Eebr 500  4.14 12.062 18.75 65.56 -3.38 -6.05  5.61  1.37  7.51  3.55  0.54
Eebr 501  4.43 10.853 15.47 56.57 -3.49 -8.32  4.59  1.19  7.25  3.47  0.49
Eebr 502  5.29 10.575 19.69 42.94 -3.48 -6.41  7.15  1.32  7.00  3.28  0.55
Eexs 354 15.45  9.193 11.25 59.26 -1.93 -5.22  5.52  3.29 10.39  4.85  0.95
Eexs 355 14.09  8.204  7.50 46.83 -2.51 -4.86 -0.00  3.58 11.32  5.28  0.98
Eexs 356 13.11   .      .     .   -1.69 -6.66  3.72  2.74  9.72  4.54  0.85
Eexs 357 33.58 15.853 18.75 32.91 -1.76 -8.67  4.51  6.38 12.03  5.50  1.54
Eexs 358 21.58  5.696  7.50 43.78 -1.43 -3.89  2.29  6.16 12.82  5.94  1.48
Eexs 369 29.59 26.813 26.25 31.53 -3.36 -8.47  6.09  6.55 12.48  5.71  1.52
Eexs 370 27.24   .      .     .   -2.98 -7.17  4.40  5.34 12.54  5.84  1.31
Eexs 371 29.98  9.437  8.53 35.38 -1.60 -6.02  4.66  3.11  9.22  4.25  0.99
Eexs 372 33.60   .      .     .   -1.92 -5.76  4.11  7.72 14.35  6.65  1.65
Eexs 374  6.18   .      .     .   -1.79 -4.53  3.26  1.97  9.07  4.23  0.75
Eexs 375  4.78   .      .     .   -2.31 -4.01  3.84  1.23  7.35  3.37  0.55
Eexs 376  8.06   .      .     .   -1.78 -3.29  5.22  2.03  8.93  4.20  0.87
Eexs 377  7.35   .      .     .   -1.35 -3.46  2.89  1.91  8.57  4.00  0.91
Eexs 378  6.54   .      .     .   -1.35 -3.21  4.46  2.01  8.68  4.05  0.80
Eexs 379  4.33  7.317 11.25 50.20 -2.21 -4.42  3.32  1.14  7.65  3.53  0.55
Eexs 380  4.60  4.895  7.97 29.74 -1.12 -4.17  4.81  1.47  7.78  3.62  0.75
Eexs 381  3.75  5.010  9.38 45.00 -2.36 -5.31  3.48  1.16  7.10  3.21  0.73
Eexs 382  7.06  3.382  8.63 32.47 -1.10 -2.66  2.11  1.72  8.61  4.01  0.83
Eexs 383  4.92   .      .     .   -2.25 -4.94  3.91  1.22  7.08  3.31  0.64
Eexs 384  6.80   .      .     .   -1.30 -2.82  2.05  2.10  9.09  4.27  0.86
Eexs 385  7.85   .      .     .   -1.41 -2.82  2.20  1.50  7.66  3.59  0.66
Eexs 464 10.12  7.411 13.13 41.59 -4.48 -6.44  0.03  2.01  8.52  3.99  0.76
Eexs 465  8.24  4.373  6.25 45.23 -2.95 -4.56  5.03  1.78  8.52  3.92  0.72
Eexs 466  4.35   .      .     .   -2.54 -6.86  1.75  1.00  6.81  3.15  0.56
Eexs 467  9.67   .      .     .   -2.06 -3.66  6.10  2.11  9.54  4.46  0.79
Eexs 468 13.12  7.336  8.44 39.96 -1.77 -3.62  2.50  3.03 10.49  4.90  0.94
Eexs 469  6.11  7.064  5.63 48.18 -2.29 -4.82  0.04  1.63  8.76  4.08  0.69
Eexs 470  6.51   .      .     .   -1.58 -3.62  4.14  1.88  8.14  3.77  0.72
Eexs 471  8.56   .      .     .   -2.32 -5.55  5.73  2.19  8.28  3.85  0.78
Eexs 472 10.22  4.041  5.25 73.73 -2.38 -5.41  1.65  2.39  9.60  4.49  0.80
Eexs 473 14.16  8.143  7.50 56.78 -2.11 -3.28  0.07  3.21 10.50  4.90  1.00
Eexs 474 15.70  7.622  8.57 33.90 -4.01 -5.21  2.51  3.39  9.97  4.65  1.04
Eexs 475  7.14   .      .     .   -2.17 -4.64  0.00  1.72  8.35  3.86  0.73
Eexs 476  9.74  5.981  7.50 31.98 -3.18 -5.67  1.12  1.90  9.02  4.22  0.74
Eexs 477  8.29  4.305  5.16 74.55 -3.07 -5.87  6.88  1.79  8.80  4.12  0.69
Eexs 478  5.32  4.445  6.56 50.86 -1.25 -3.95  1.31  1.38  7.25  3.39  0.64
Eexs 479  6.31   .      .     .   -1.75 -2.34  2.52  1.72  8.52  3.97  0.79
Eexs 480  6.55  5.674  9.00 43.99 -1.80 -4.16  0.14  1.68  8.05  3.75  0.65
Eexs 481  8.81   .      .     .   -2.38 -4.77  7.04  2.15  8.78  4.15  0.83
Eexs 482  3.99  3.915  6.25 53.75 -1.85 -3.51  5.60  1.13  7.22  3.38  0.56
Eexs 483  7.45   .      .     .   -2.37 -4.01  4.23  1.62  7.94  3.73  0.72
Egem 191 18.20 15.085 18.75 42.07 -2.92 -9.07  7.48  5.02 10.93  4.99  1.39
Egem 241 18.73 18.251 24.00 30.96 -2.83 -5.67  8.85  4.25  9.80  4.44  1.37
Egem 242 15.94 22.509 30.39 30.96 -3.88 -5.64  7.60  4.61 10.52  4.78  1.37
Egem 243  9.95 13.036 18.75 36.55 -3.70 -6.44  9.20  2.30  7.44  3.43  0.92
Egem 244 16.62 21.321 18.75 37.08 -3.72 -7.27 10.77  3.41  8.42  3.78  1.23
Egem 245 15.10 26.281 31.07 28.23 -2.54 -6.34  7.70  4.14 10.13  4.65  1.25
Egem 246  8.28 18.869 26.25 54.98 -4.27 -5.70  8.28  1.86  7.40  3.45  0.74
Egem 247 10.99 23.037 31.67 41.99 -5.16 -7.58  8.75  2.44  8.69  4.03  0.88
Egem 248 21.90 26.144 26.25 26.57 -4.04 -11.0  8.78  5.34 10.99  4.94  1.56
Egem 249 19.44 22.203 26.79 42.40 -4.25 -9.10  8.37  4.27 10.08  4.61  1.33
Egem 250 12.90 13.696 21.25 45.53 -4.86 -7.14  8.16  2.13  7.49  3.46  0.84
Egem 251 19.96 20.594 30.00 32.47 -2.81 -6.50  7.71  4.34  9.99  4.54  1.38
Egem 306 25.49 14.664 18.75 25.94 -2.75 -4.77  6.03  4.66 10.26  4.69  1.33
Egem 307 28.04 24.671 22.50 39.58 -3.09 -9.20  4.10  4.90 10.31  4.68  1.38
Egem 308 22.24 20.950 22.50 34.38 -2.32 -5.80  6.36  4.23 10.31  4.82  1.27
Egem 315  5.39  9.459 17.34 49.39 -2.60 -4.78 11.85  1.44  7.81  3.67  0.62
Egem 316 23.68 25.665 26.25 35.73 -3.61 -11.6  7.19  5.09 10.59  4.79  1.48
Egem 317 11.10 19.247 24.38 46.33 -3.98 -5.78 12.67  2.38  7.91  3.70  0.91
Egem 318 11.08 22.164 30.00 26.57 -2.99 -5.39  6.28  2.64  8.79  4.10  0.94
Egem 319 24.19 29.130 27.50 37.24 -2.74 -10.1  2.97  3.42  8.76  3.85  1.25
Egem 320 11.59 22.156 30.00 40.12 -2.03 -4.32  5.61  2.64  8.74  4.07  0.95
Egem 321 14.59 15.618 22.50 33.69 -3.03 -4.92  7.27  2.80  8.90  4.11  0.95
Egem 322 25.59 31.374 29.38 33.21 -4.32 -9.79  7.75  4.70 11.30  5.23  1.30
Egem 323 20.88 28.034 22.50 66.18 -3.00 -5.65  7.04  4.95 10.64  4.82  1.50
Egem 324  6.17 14.013 25.31 53.60 -4.30 -5.85  9.96  1.65  7.85  3.68  0.68
Egem 325 31.72 29.152 26.25 38.17 -3.37 -6.74  4.63  4.93 10.21  4.59  1.39
Egem 326 20.29 28.570 30.00 47.04 -3.70 -7.26 10.24  4.33 10.18  4.63  1.30
Egem 327 25.99 25.056 26.25 35.43 -2.98 -8.58  7.74  4.57  9.60  4.25  1.47
Egem 328 22.54 29.380 29.17 29.55 -3.02 -4.90  6.50  5.23 11.02  5.01  1.48
Egem 329 10.40 16.796 27.00 48.73 -2.55 -4.68  8.80  2.80  8.57  3.92  1.05
Egem 330  9.87 21.534 27.50 37.23 -2.02 -4.11  4.79  2.65  8.51  3.94  0.95
Egem 331 10.64 23.304 28.13 40.60 -3.05 -5.06  6.84  2.63  9.10  4.25  0.88
Egem 332 13.09  6.993  7.50 44.37 -2.48 -4.39  7.90  2.40  9.07  4.30  0.79
Egem 333  9.98 13.033 18.75 50.29 -2.66 -3.99  8.64  2.59  8.27  3.80  0.93
Egem 334 12.13 17.959 26.25 35.36 -4.25 -6.32  8.46  2.35  8.41  3.90  0.84
Egem 335 10.62 19.453 28.75 23.96 -3.89 -6.73  8.58  2.16  7.51  3.45  0.87
Egem 336  6.42 18.618 28.13 40.18 -2.75 -6.03  8.42  1.41  7.18  3.42  0.62
Egem 337  5.30 14.084 27.50 41.63 -2.50 -5.14  9.30  1.39  6.98  3.27  0.63
Egem 338  5.46 10.991 22.50 58.24 -2.02 -4.59  6.68  1.48  7.69  3.61  0.62
Egem 347 27.75 17.794 22.50 32.61 -2.12 -4.65  5.76  6.58 11.71  5.29  1.69
Egem 348 23.64 25.980 29.17 29.36 -3.35 -12.0  6.59  4.47 10.23  4.67  1.37
Egem 349 23.83 21.830 22.50 26.30 -3.48 -7.03  7.54  5.56 11.00  4.98  1.56
Egem 350 31.32 17.549 20.63 20.13 -2.88 -7.76  6.07  7.10 12.55  5.74  1.67
Egem 365 49.45 34.339 26.25 49.60 -1.34 -4.02  5.67 10.48 15.08  6.79  2.09
Egem 366  6.82  9.693 10.94 50.71 -1.51 -4.32  6.45  1.96  8.45  3.98  0.75
Egem 367 10.06 20.578 30.00 57.13 -2.12 -4.69  5.01  3.56  9.75  4.53  1.12
Egem 368 30.81 32.812 29.46 42.40 -2.51 -6.52  6.44  7.10 12.10  5.45  1.75
Egem 373 18.58 27.401 30.63 28.07 -3.69 -5.41  7.10  5.24 10.69  4.83  1.51
Egem 426  6.84  9.559 16.88 43.32 -2.48 -4.42  8.66  1.72  6.86  3.16  0.77
Ehag 192 11.34 14.629 21.75 35.75 -3.02 -5.56  7.84  3.07  8.88  4.06  1.02
Ehag 287 27.68  9.383  7.50 41.65 -2.00 -4.33  3.81  5.52 10.76  4.83  1.52
Ehag 288 24.75 19.392 26.25 35.27 -2.23 -5.51  4.53  6.10 11.38  5.12  1.61
Ehag 289 24.51 15.022 25.31 38.66 -1.73 -6.61  4.67  4.98 10.63  4.81  1.41
Ehag 290 29.62 27.011 23.18 31.24 -2.74 -8.27  4.94  6.29 11.85  5.35  1.58
Ehag 291 24.91 17.794 21.82 37.59 -2.29 -6.06  4.75  5.33 10.99  5.01  1.45
Ehag 292 13.19 10.777 14.61 39.60 -2.26 -7.29  7.32  2.70  8.81  4.09  0.90
Ehag 293 10.24 11.712 16.61 32.90 -4.32 -5.18  6.83  2.20  7.86  3.64  0.84
Ehag 503  4.41  9.464 16.25 49.34 -2.84 -5.85  4.31  1.23  6.83  3.25  0.53
Ehag 504  7.58  6.440  9.64 57.43 -2.48 -5.54  4.51  1.94  8.09  3.79  0.72
Ehag 505  3.97  7.608 11.25 44.38 -1.11 -5.75  6.24  1.11  6.29  2.95  0.53
Ehag 506  5.08 10.074 15.63 47.73 -3.05 -6.53  7.53  1.36  6.89  3.23  0.56
Ehag 507  7.61 10.965 21.48 37.87 -2.32 -5.52  4.88  1.81  7.72  3.63  0.72
Ehag 508  6.58 10.675 16.50 78.68 -3.86 -6.05  4.94  1.62  7.19  3.36  0.65
Ehag 509  7.50  6.245 15.00 71.08 -1.77 -5.16  6.06  1.88  7.84  3.66  0.75
Ehag 510  8.21  9.728 12.69 36.94 -2.56 -6.46  8.20  1.79  7.43  3.46  0.73
Ehag 511  4.12  5.534  7.03 39.56 -3.40 -5.90  5.15  1.02  6.65  3.18  0.45
Ehag 512  5.04  7.711  7.92 45.00 -4.09 -8.48  8.51  1.26  6.83  3.21  0.55
Ehag 513  4.63  9.096 12.50 46.95 -3.98 -6.37  7.59  1.17  6.91  3.26  0.55
Ehag 514  3.63  4.805  9.38 43.26 -2.44 -5.68  5.05  1.06  6.55  3.10  0.49
Elat  57 17.46  5.999  8.50 42.44 -2.79 -7.60  0.00  2.53  7.18  3.16  1.05
Elat  58 22.99 13.647 16.61 49.19 -2.79 -11.3  5.55  5.13  9.60  4.18  1.62
Elat  59 19.09 12.265 18.75 36.87 -3.47 -7.70 -0.07  3.01  8.04  3.66  1.08
Elat  60 21.79 11.034 17.50 42.74 -2.89 -6.14  3.77  4.91  9.18  3.89  1.70
Elat  61 21.78   .      .     .   -2.39 -8.73  6.24  5.24  9.71  4.25  1.66
Elat  62 17.89  8.791 12.00 39.80 -3.52 -7.54  3.87  2.60  7.18  3.16  1.07
Elat  63 21.49 10.194 11.25 49.79 -2.31 -7.87  0.05  5.30 10.01  4.41  1.62
Elat  64 21.20 13.066 16.88 61.07 -1.67 -4.59  4.63  4.85  9.68  4.31  1.53
Elat  65 15.34 13.421 15.00 57.65 -2.59 -8.21  7.24  2.22  7.15  3.26  0.91
Elat  66 23.30 15.278 20.94 28.36 -2.51 -6.88  7.43  3.61  8.36  3.71  1.33
Elat  67 24.74 21.087 18.75 47.40 -2.81 -7.06  1.92  5.77 10.24  4.43  1.68
Elat  68 19.24  8.733 10.38 60.26 -2.30 -8.16  0.40  2.88  7.57  3.36  1.13
Elat  69 25.19  5.636 11.25 30.96 -2.33 -7.15  4.16  4.96  9.46  4.11  1.58
Elat  70 21.19 18.851 17.50 39.09 -3.13 -6.57  4.15  5.66  9.99  4.31  1.77
Elat  71 16.67  7.491 12.19 54.53 -2.98 -7.49 -0.08  2.34  7.21  3.25  0.94
Elat  72 17.66   .      .     .   -2.94 -8.32  0.41  2.57  7.57  3.38  1.00
Elat  73 17.06  4.825 10.00 52.33 -2.46 -9.78 -0.12  2.48  7.20  3.19  1.01
Elat 412  5.61  8.720 16.25 39.59 -2.36 -4.86  5.20  1.32  6.37  2.97  0.65
Elat 413  6.16  9.980 16.50 40.30 -2.75 -6.10  6.71  1.38  6.46  3.01  0.64
Elat 414  7.21  9.561 15.00 46.39 -2.45 -4.14  6.07  1.72  6.49  2.98  0.81
Elat 415  5.18  8.367 15.00 42.27 -1.99 -3.98  9.30  1.28  6.02  2.79  0.65
Elat 427  4.60  9.683 13.93 60.17 -2.04 -4.08  5.59  1.11  5.73  2.67  0.57
Elat 428  4.98  8.928 16.88 51.01 -2.44 -4.11  5.09  1.19  5.64  2.58  0.63
Elat 429  4.21  6.339 15.00 45.00 -2.36 -3.68  4.53  0.91  5.45  2.56  0.49
Elat 430  5.39  8.527 13.75 43.06 -2.26 -3.49  6.61  1.20  5.60  2.59  0.63
Elat 431  5.84  8.410 16.88 47.22 -1.89 -3.97  6.25  1.45  6.23  2.88  0.68
Elat 515 11.19 10.347 16.25 57.83 -4.05 -6.72  9.36  2.08  6.60  2.94  0.91
Elat 516 15.10 15.989 22.50 40.24 -2.64 -5.76  5.62  3.07  7.88  3.52  1.14
Elat 517  8.80 12.736 23.33 45.00 -3.27 -5.90  5.65  1.66  6.26  2.86  0.77
Elat 518 11.40 13.406 21.00 34.14 -2.13 -4.75 10.12  2.18  7.24  3.33  0.86
Elat 519 10.46 10.002 15.75 50.44 -3.80 -6.23  6.06  1.71  6.15  2.78  0.80
Elat 520  9.09 10.369 15.00 41.19 -2.92 -5.47  8.06  1.73  6.59  3.04  0.78
Elat 521 10.06 11.869 17.50 36.02 -2.09 -7.69  4.45  1.83  6.67  3.06  0.80
Elat 522  9.40 10.467 16.36 41.63 -2.70 -5.88  6.39  1.82  6.53  2.98  0.81
Elat 523  4.43 10.016 16.88 49.25 -4.49 -7.65  8.93  1.18  6.73  3.17  0.52
Elat 524  4.33  8.689 17.50 50.90 -3.40 -6.47  6.64  1.35  7.13  3.36  0.56
Epic 224 26.83   .      .     .   -2.33 -5.77  5.58 11.27 15.65  6.96  2.36
Epic 225 11.94 16.838 20.00 31.71 -2.41 -5.00  5.25  5.78 12.86  5.97  1.38
Epic 226 13.47 18.466 23.75 38.51 -2.05 -5.83  2.17  5.50 12.38  5.76  1.30
Epic 227 27.74 26.190 25.31 30.83 -1.79 -5.71  5.24  8.15 13.40  5.94  1.95
Epic 228  7.20  4.765  4.50 55.70 -2.66 -6.24  0.25  3.18 10.71  5.00  0.95
Epic 229 19.53   .      .     .   -1.66 -3.77  4.98  8.96 14.21  6.35  2.01
Epic 230  7.49  8.086 14.25 36.41 -2.36 -3.15 -0.03  1.70  7.97  3.77  0.66
Epic 231  7.01   .      .     .   -1.89 -6.62  4.79  3.43 10.61  4.89  1.01
Epic 232 19.51   .      .     .   -3.02 -6.27  3.10  6.12 12.15  5.48  1.71
Epic 233  7.29 14.680 20.63 48.37 -1.92 -4.65  4.03  2.76  9.73  4.60  0.84
Epic 234  7.69   .      .     .   -2.20 -5.17  5.95  3.39 10.44  4.87  0.99
Epic 235  4.10  6.829  6.88 43.50 -2.52 -5.21  6.58  2.23  8.95  4.19  0.76
Epic 236  7.03 16.350 20.00 49.21 -3.04 -6.39  6.86  3.36 10.32  4.82  0.98
Epic 237 14.39 19.826 21.00 36.87 -2.23 -4.69  3.66  5.83 12.56  5.73  1.47
Epic 238  6.33   .      .     .   -3.38 -5.70  1.75  1.76  8.28  3.94  0.64
Epic 239  4.64   .      .     .   -2.86 -6.67  5.29  1.20  7.13  3.39  0.50
Epic 240  3.61   .      .     .   -2.04 -6.53  7.59  1.85  9.22  4.36  0.68
Epic 560  2.51   .      .     .   -2.94 -5.87  3.17  1.27  7.88  3.70  0.70
Epic 561  6.07   .      .     .   -1.70 -5.10  6.92  2.67  9.80  4.56  0.86
Epic 562  2.65   .      .     .   -1.95 -5.84  1.75  1.22  8.52  4.06  0.55
Epic 563  2.52  3.536  6.00 52.76 -3.22 -7.31  4.91  1.30  8.13  3.82  0.62
Epic 564  4.47  8.583 13.13 48.69 -1.65 -6.10  6.63  2.10  9.44  4.44  0.67
Epic 565  3.96  8.005 11.25 44.38 -3.16 -4.65  0.06  1.46  8.70  4.14  0.58
Erec 463  5.32  9.216 19.69 35.93 -2.77 -5.40  7.60  0.91  5.03  2.33  0.52
Erec 553  8.47  9.031 15.00 36.21 -3.52 -4.57  6.03  1.39  6.05  2.78  0.64
Erec 554  9.95 11.652 15.94 36.66 -3.89 -5.00  1.67  1.89  6.65  3.00  0.80
Erec 555  9.83 11.627 16.88 44.71 -3.60 -6.07 10.46  2.02  6.89  3.13  0.84
Erec 556 10.17 10.598 16.88 50.19 -4.13 -5.33  8.12  1.82  6.54  2.96  0.79
Erec 557 10.45 13.333 20.63 49.83 -4.65 -7.51  8.50  1.90  6.77  3.07  0.79
Erec 558  6.08 13.852 25.00 40.43 -4.48 -4.61  8.80  1.57  7.18  3.35  0.67
Erec 559  8.06 10.475 17.14 51.08 -1.65 -5.62  8.89  1.62  6.60  3.06  0.70
Esig  96  6.09   .      .     .   -3.02 -7.74  5.63  1.61  8.83  4.22  0.53
Esig 185 11.30  9.694 15.00 41.05 -1.96 -5.97  4.52  3.54 11.43  5.34  0.97
Esig 186 10.63  7.882 13.75 39.88 -2.08 -6.55  6.71  3.50 11.87  5.56  1.00
Esig 187 22.46   .      .     .   -1.97 -6.56  4.45  6.51 13.77  6.39  1.50
Esig 188 23.09 16.554 16.88 55.95 -2.39 -6.14  5.39  5.58 11.93  5.45  1.50
Esig 189  7.16  6.201  7.50 47.99 -2.32 -5.87  5.79  2.21 10.55  5.02  0.71
Esig 190 18.64   .      .     .   -1.58 -5.14  5.78  6.75 14.59  6.75  1.51
Esig 200 18.45 15.536 20.00 39.16 -1.52 -5.11  0.26  6.17 13.85  6.41  1.42
Esig 351 20.36   .      .     .   -1.45 -4.71  4.40  6.83 13.76  6.37  1.61
Esig 462  0.90   .      .     .   -2.46 -6.55  2.46  0.34  5.32  2.55  0.33
Esig 484  1.76   .      .     .   -2.51 -7.12  6.53  0.66  7.38  3.58  0.35
Esig 485  1.64   .      .     .   -3.15 -6.74  6.07  0.64  7.48  3.50  0.56
Esig 486  1.22  4.357  7.50 59.49 -0.60 -7.25  2.90  0.48  6.18  2.99  0.24
Eves  86 10.58   .      .     .   -1.88 -5.43  4.30  3.51 10.07  4.58  1.16
Eves  87 11.43   .      .     .   -2.06 -7.03  5.63  3.02 10.10  4.69  0.99
Eves  88 15.64   .      .     .   -3.44 -9.61  2.91   .     .     .     .  
Eves  89 13.71  4.591  7.50 37.96 -2.20 -7.69  5.60  3.63 10.40  4.79  1.16
Eves  90 11.43   .      .     .   -1.93 -7.67  7.18  2.99 10.07  4.58  1.06
Eves  91 11.82   .      .     .   -2.06 -7.36  2.32  3.22 10.37  4.79  1.02
Eves  92  8.01   .      .     .   -2.58 -7.36  7.78  2.39  9.64  4.50  0.82
Eves  93 12.25   .      .     .   -1.80 -6.44  5.14  3.97 10.93  4.98  1.21
Eves  94 14.11 11.565 12.50 52.13 -2.66 -8.20  5.50  3.54 10.52  4.84  1.13
Eves  95 13.55 10.820 14.25 50.96 -1.79 -7.45 -0.07  3.73 11.34  5.29  1.14
Eves 164 10.03   .      .     .   -1.62 -6.17  5.03  3.92 11.21  5.15  1.20
Eves 165 16.34  9.748 16.25 39.71 -2.89 -7.31  5.56  4.17 10.54  4.77  1.32
Eves 166 11.75   .      .     .   -2.32 -5.39  5.76  3.88 11.22  5.19  1.19
Eves 167  6.13   .      .     .   -1.56 -6.73 12.69  2.34  9.76  4.56  0.82
Eves 168  6.39   .      .     .   -1.61 -6.00  7.33  2.34 10.21  4.78  0.77
Eves 169  6.47   .      .     .   -2.39 -5.24  7.38  2.34  9.87  4.57  1.08
Eves 170 12.96 12.339 15.00 59.45 -1.82 -5.52  6.55  4.35 11.24  5.07  1.34
Eves 171 12.11   .      .     .   -2.74 -6.82  4.14  4.45 11.26  5.15  1.28
Eves 172 15.11   .      .     .   -2.73 -6.93  3.60  4.61 11.35  5.11  1.36
Eves 173  6.91  6.090  8.75 61.67 -2.56 -6.61  9.25  2.12  9.36  4.35  0.94
Eves 174  8.24 11.460 12.50 52.10 -2.33 -7.15  3.03  3.25 10.80  5.02  1.03
Eves 175  6.26   .      .     .   -1.29 -4.71  6.99  2.50  9.77  4.53  0.88
Eves 193 25.63   .      .     .   -1.80 -5.46  5.26  8.07 13.64  6.11  2.00
Eves 194 13.95  3.518  5.00 31.76 -2.46 -8.08  0.17  3.70 10.39  4.68  1.23
Eves 195 21.75   .      .     .   -2.12 -5.34  3.51  6.83 12.79  5.74  1.79
Eves 196 22.54 16.100 17.50 34.82 -1.80 -5.23  5.49  7.23 12.82  5.62  1.88
Eves 197 21.26   .      .     .   -1.56 -5.03  6.94  6.36 12.87  5.74  1.72
Eves 198 15.39   .      .     .   -2.01 -6.25  0.22  4.04 11.08  5.05  1.23
Eves 199 12.68 10.254 12.00 57.27 -2.35 -6.89  7.14  4.01 10.89  4.94  1.33
Eves 253 24.73 12.729 13.13 54.77 -4.02 -6.75  5.99  8.73 14.41  6.45  2.00
Eves 254 10.88   .      .     .   -4.33 -7.11  0.06  3.64 11.34  5.27  1.09
Eves 255 19.07   .      .     .   -1.91 -4.29  5.27  8.36 14.11  6.44  2.03
Eves 256 11.32   .      .     .   -3.91 -6.44  0.02  3.43 10.55  4.91  1.10
Eves 257 11.13   .      .     .   -4.04 -7.28  3.85  4.22 11.52  5.27  1.25
Eves 258  7.44   .      .     .   -2.58 -3.47 -0.21  2.75  9.97  4.68  0.95
Eves 259 24.68   .      .     .   -2.82 -10.1  1.24  7.69 13.60  6.05  1.90
Eves 281 18.90 16.375 14.25 41.63 -1.48 -4.29  6.18  6.17 12.57  5.68  1.64
Eves 282 19.55   .      .     .   -1.28 -5.20  6.78  6.19 12.57  5.64  1.68
Eves 283 16.45   .      .     .   -1.70 -6.18  5.13  5.60 12.20  5.50  1.54
Eves 284 22.91  7.907  8.75 34.51 -2.64 -9.65  5.58  5.74 11.85  5.30  1.63
Eves 285 17.36  8.613  9.00 40.60 -1.70 -4.58  6.21  5.74 12.07  5.48  1.55
Eves 286 19.74   .      .     .   -1.27 -4.55  4.88  5.85 12.63  5.77  1.57
Eves 352 21.90 19.114 20.00 39.47 -1.85 -6.48  5.15  6.55 12.48  5.59  1.76
Iver  15  7.61 11.900 18.50 36.65 -4.36 -11.9 19.13  1.43  9.07  4.34  0.57
Iver  16  7.60 12.373 18.53 58.00 -6.11 -13.8 16.41  1.67  9.88  4.70  0.66
Iver  17  7.17 10.796 20.00 53.75 -4.47 -10.0 11.84  1.75  9.67  4.58  0.68
Iver  18 10.34 13.478 16.88 42.27 -5.45 -12.0 15.14  2.44  9.80  4.61  0.86
Iver  19  8.91 12.630 22.50 45.71 -4.71 -13.6 16.00  2.22 11.00  5.23  0.78
Iver  20  6.72 10.944 13.13 53.13 -4.93 -9.54 12.19  1.47  8.52  4.05  0.60
Iver  21 10.40 18.038 25.00 39.74 -6.70 -12.4 15.02  2.11 10.35  4.94  0.76
Iver  22  7.12 10.484 17.50 48.41 -4.35 -10.4 15.09  1.48  8.78  4.19  0.65
Iver  23  7.35 11.355 16.25 46.55 -6.32 -11.4 16.74  1.51  9.48  4.53  0.58
Iver  24 10.21 12.836 21.75 47.72 -1.95 -8.59  7.53  2.10 10.54  5.07  0.70
Iver  25  8.14 14.154 18.75 56.31 -2.72 -8.24  0.81  1.58  9.45  4.43  0.80
Iver  26  6.34  9.985 19.22 45.27 -2.91 -5.35  8.58  1.52  9.18  4.38  0.59
Iver  27  7.58 11.892 15.00 52.26 -4.76 -7.78 11.40  1.77  9.71  4.61  0.71
Iver  38  9.08 13.503 16.25 54.73 -5.19 -8.44  0.07  1.43  9.34  4.48  0.60
Iver  39  9.11  9.555 15.00 40.65 -3.07 -9.22  6.99  1.32  8.03  3.85  0.52
Iver  40  8.60 11.303 13.50 44.18 -2.57 -4.63  2.78  1.38  8.39  4.04  0.51
Iver  41  8.19  9.656 11.00 54.19 -2.79 -5.76  7.53  1.63  9.53  4.54  0.64
Iver  42  9.14  7.881  8.44 41.14 -2.10 -6.37  3.29  2.07  9.86  4.69  0.69
Iver  43 11.63 13.584 18.75 44.53 -2.09 -4.56  0.55  2.19  9.95  4.73  0.74
Iver  44  8.99 11.963 16.25 39.29 -3.11 -7.38  7.87  1.86  9.57  4.57  0.69
Iver  45  7.74  4.745  5.75 44.53 -3.43 -6.47  0.71  1.49  8.97  4.22  0.62
Iver  46  9.01 13.298 18.00 41.82 -4.99 -7.44  9.13  1.49  8.82  4.23  0.53
Iver  47  8.14 11.531 16.88 54.93 -3.35 -7.42  8.12  1.48  9.46  4.52  0.61
Iver  48  6.52  8.327 13.39 41.42 -2.60 -3.73 -0.10  1.35  7.81  3.72  0.49
Iver  74 10.35 11.348 18.75 40.73 -2.24 -8.12  6.34   .     .     .     .  
Iver  75 25.99 15.519 15.00 53.74 -2.17 -8.63  4.99  4.18 11.27  5.28  1.10
Iver  76 13.13 11.610 13.93 34.56 -7.24 -5.47  6.57  2.74 10.71  5.11  0.80
Iver  77 13.90  7.596  7.13 39.20 -2.78 -7.16  5.84  2.97 11.14  5.28  0.90
Iver  78 23.55 10.397 12.50 30.98 -1.92 -8.78  5.42  5.14 13.55  6.47  1.33
Iver  79 12.99 11.643 15.00 64.65 -2.72 -10.9  7.45  1.51  7.36  3.48  0.61
Iver  80 14.78 18.418 18.21 53.13 -1.57 -7.63  5.72  3.73 11.23  5.29  1.01
Iver  81 22.50 13.127 13.13 48.22 -2.16 -8.25  6.62  6.05 14.46  6.82  1.47
Iver  82 25.90 15.786 17.50 24.16 -1.71 -8.66  4.88  5.11 13.03  6.09  1.39
Iver  83 23.43  9.760 12.50 54.62 -1.60 -6.09  5.34  4.55 12.70  6.07  1.25
Iver  84 11.68 13.885 18.75 62.97 -2.56 -7.67  6.05  2.39 10.21  4.83  0.77
Iver  85 21.20 15.584 17.81 37.74 -1.98 -6.83  5.96  4.17 12.05  5.71  1.27
Iver 145 14.58 12.610 20.83 39.79 -2.63 -7.68  5.25  3.66 12.11  5.76  1.04
Iver 146 24.31 13.747 23.57 38.82 -1.89 -6.82  6.57  5.44 13.61  6.46  1.45
Iver 147 11.96 15.832 20.00 50.90 -3.08 -7.39  8.28  3.05 11.45  5.37  0.99
Iver 148 25.89 16.865 20.75 37.35 -1.78 -7.68  6.38  6.90 14.59  6.79  1.68
Iver 149 14.04 16.143 16.07 65.25 -2.73 -9.34  9.38  2.92 11.09  5.24  0.93
Iver 150 14.94 17.698 26.25 57.42 -3.35 -9.27 12.22  2.84 10.32  4.88  0.89
Iver 151 13.52 17.329 22.50 40.72 -2.62 -9.16  8.60  2.38 10.82  5.19  0.73
Iver 152 17.32 16.807 24.38 37.02 -3.83 -7.45  8.49  3.16 10.81  5.04  1.02
Iver 153 24.53 13.574 15.00 41.18 -1.88 -5.18  2.12  6.57 13.90  6.49  1.69
Iver 154 30.50 26.566 22.50 41.16 -3.32 -7.61  6.23  6.58 14.35  6.82  1.54
Iver 155 31.99 21.877 22.50 37.29 -2.30 -9.50  7.57  5.90 13.98  6.64  1.49
Iver 156 13.70 14.035 22.50 49.05 -3.77 -6.99  8.49  2.81 10.73  5.08  0.87
Iver 157 13.68 16.000 24.64 64.48 -4.42 -12.3  6.14  2.91 11.77  5.61  0.85
Iver 158 14.62 16.462 22.50 51.91 -3.73 -7.46 13.19  2.34  9.00  4.22  0.80
Iver 159  7.48 10.087 17.73 60.26 -2.07 -8.28  9.62  1.57  8.98  4.32  0.56
Iver 160 18.13 14.485 26.25 47.64 -1.22 -7.11  9.15  5.54 13.81  6.54  1.44
Iver 161 27.02 18.912 24.38 52.25 -3.07 -8.59  8.04  6.01 13.73  6.43  1.58
Iver 162 25.32 14.787 18.75 48.71 -1.89 -6.55  5.68  6.84 14.22  6.57  1.66
Iver 163 21.39 21.609 24.00 34.05 -1.46 -6.03  7.96  6.07 14.20  6.74  1.45
Iver 176 13.08 14.806 19.62 46.25 -1.97 -7.38  6.56  3.06 11.29  5.36  0.92
Iver 177 33.70 13.102 13.13 60.36 -1.31 -5.25  3.28  4.72 13.15  6.23  1.31
Iver 178  5.78  8.795 12.50 39.81 -2.42 -8.41  7.61  1.24  8.62  4.13  0.57
Iver 179 21.76 20.675 26.25 41.06 -1.29 -4.57  3.45  4.36 11.57  5.47  1.23
Iver 180 12.46 16.597 18.75 49.76 -3.13 -7.10  6.60  2.75 10.09  4.80  0.84
Iver 181 30.39 21.401 18.46 25.69 -1.24 -6.35  3.06  4.82 12.62  5.98  1.33
Iver 182 14.02 10.593 12.19 42.02 -1.89 -6.94  5.25  3.29 11.84  5.55  0.97
Iver 183 12.96 15.162 24.00 41.74 -1.93 -6.25  6.21  3.34 11.55  5.47  0.95
Iver 184 30.14 19.590 21.56 45.00 -0.95 -4.43  2.82  4.00 11.99  5.70  1.07
Iver 294 23.85 22.098 22.50 45.00 -1.39 -4.79  3.94  7.77 12.77  5.80  2.03
Iver 295 20.71 20.056 23.75 29.84 -1.87 -4.71  5.90  6.57 14.23  6.61  1.61
Iver 296 22.29 19.776 26.25 34.73 -2.56 -6.94  6.00  5.59 13.44  6.32  1.49
Iver 297 19.39 13.888 18.75 50.29 -2.20 -4.41  2.71  4.28 11.55  5.42  1.17
Iver 298 19.76 15.464 16.02 40.30 -2.69 -3.73 -0.02  5.94 11.82  5.46  1.63
Iver 299 18.72 19.227 21.25 37.20 -4.25 -6.38  5.74  4.76 12.34  5.78  1.32
Iver 300 22.20 13.952 18.75 35.73 -2.07 -8.96  8.59  4.10 11.87  5.66  1.23
Iver 301 12.41 16.431 22.50 53.02 -2.40 -5.17 10.58  3.40 10.04  4.69  1.11
Iver 302 10.08 14.590 21.00 42.44 -1.86 -4.17  6.61  3.42 11.61  5.51  1.07
Iver 303 12.42 12.911 16.70 36.49 -2.58 -5.07  5.66  4.37 12.65  6.01  1.22
Iver 304 10.78 13.560 18.75 46.74 -2.26 -10.7  8.24  2.68 11.48  5.51  0.89
Iver 305 12.19 15.299 16.07 43.76 -2.72 -5.80  5.55  2.89 10.25  4.88  0.87
Iver 339 26.36 16.242 24.38 40.92 -2.10 -7.62  7.02  4.14 10.78  5.00  1.19
Iver 340 25.84 17.929 20.00 37.88 -1.78 -4.28  6.31  6.81 14.36  6.79  1.65
Iver 341 14.17 12.875 18.75 34.07 -3.04 -6.01  0.37  3.75 11.84  5.61  1.15
Iver 342  8.24  9.247 13.59 45.00 -2.59 -5.54  1.93  1.81  9.80  4.69  0.68
Iver 343 28.04 16.564 15.47 38.84 -2.37 -8.34  8.34  7.50 15.00  7.04  1.80
Iver 344  7.85 12.240 12.75 50.08 -3.19 -7.42  0.93  1.76  8.80  4.23  0.62
Iver 345 13.95 16.158 26.88 41.87 -2.30 -7.53  5.68  3.33 11.33  5.35  1.04
Iver 346 13.27  8.097 11.25 43.97 -2.08 -5.58  8.27  3.21 10.82  5.14  1.00
